Grading at Wed Jan  9 20:42:03 UTC 2019
Attempting to compile retirement.c
Checking for struct _retire_info
Found on line 4, column 1 
Checking for field int months
Found on line 5, column 3 
Checking for field double contribution
Found on line 6, column 3 
Checking for field double rate_of_return
Found on line 7, column 3 
Checking for typedef of struct _retire_info to retire_info
Found on line 10, column 1 
Checking for void retirement (int startAge, double initial,  retire_info working,  retire_info retired)
Found on line 28, column 1 
Checking for int main(void)
Found on line 52, column 1 
Trying to run retirement calculator..
Your file matched the expected output
Removing your main() and replacing it with our own to run more tests...
                |         Working              |        Retired         
 Age | Initial  | Saving  |   Rate    | Months | Spending |   Rate    | Months | Result
 240 |     0.00 | 1234.00 | 0.0026700 |   597  | -3567.00 | 0.0007200 |   212  | Correct
 240 |     0.00 | 1234.00 | 0.0026700 |   597  | -3567.00 | 0.0007200 |   375  | Correct
 240 |     0.00 | 1234.00 | 0.0026700 |   597  | -3567.00 | 0.0046000 |   222  | Correct
 240 |     0.00 | 1234.00 | 0.0026700 |   597  | -3567.00 | 0.0046000 |   373  | Correct
 240 |     0.00 | 1234.00 | 0.0026700 |   597  | -6534.00 | 0.0002700 |   229  | Correct
 240 |     0.00 | 1234.00 | 0.0026700 |   597  | -6534.00 | 0.0002700 |   390  | Correct
 240 |     0.00 | 1234.00 | 0.0026700 |   597  | -6534.00 | 0.0042700 |   206  | Correct
 240 |     0.00 | 1234.00 | 0.0026700 |   597  | -6534.00 | 0.0042700 |   399  | Correct
 240 |     0.00 | 1234.00 | 0.0026700 |   603  | -3567.00 | 0.0008100 |   218  | Correct
 240 |     0.00 | 1234.00 | 0.0026700 |   603  | -3567.00 | 0.0008100 |   376  | Correct
 240 |     0.00 | 1234.00 | 0.0026700 |   603  | -3567.00 | 0.0044900 |   215  | Correct
 240 |     0.00 | 1234.00 | 0.0026700 |   603  | -3567.00 | 0.0044900 |   378  | Correct
 240 |     0.00 | 1234.00 | 0.0026700 |   603  | -6534.00 | 0.0001900 |   211  | Correct
 240 |     0.00 | 1234.00 | 0.0026700 |   603  | -6534.00 | 0.0001900 |   376  | Correct
 240 |     0.00 | 1234.00 | 0.0026700 |   603  | -6534.00 | 0.0047100 |   210  | Correct
 240 |     0.00 | 1234.00 | 0.0026700 |   603  | -6534.00 | 0.0047100 |   389  | Correct
 240 |     0.00 | 1234.00 | 0.0056700 |   597  | -3567.00 | 0.0004100 |   213  | Correct
 240 |     0.00 | 1234.00 | 0.0056700 |   597  | -3567.00 | 0.0004100 |   393  | Correct
 240 |     0.00 | 1234.00 | 0.0056700 |   597  | -3567.00 | 0.0041100 |   221  | Correct
 240 |     0.00 | 1234.00 | 0.0056700 |   597  | -3567.00 | 0.0041100 |   382  | Correct
 240 |     0.00 | 1234.00 | 0.0056700 |   597  | -6534.00 | 0.0001400 |   204  | Correct
 240 |     0.00 | 1234.00 | 0.0056700 |   597  | -6534.00 | 0.0001400 |   401  | Correct
 240 |     0.00 | 1234.00 | 0.0056700 |   597  | -6534.00 | 0.0044100 |   232  | Correct
 240 |     0.00 | 1234.00 | 0.0056700 |   597  | -6534.00 | 0.0044100 |   402  | Correct
 240 |     0.00 | 1234.00 | 0.0056700 |   603  | -3567.00 | 0.0009800 |   210  | Correct
 240 |     0.00 | 1234.00 | 0.0056700 |   603  | -3567.00 | 0.0009800 |   391  | Correct
 240 |     0.00 | 1234.00 | 0.0056700 |   603  | -3567.00 | 0.0041000 |   219  | Correct
 240 |     0.00 | 1234.00 | 0.0056700 |   603  | -3567.00 | 0.0041000 |   383  | Correct
 240 |     0.00 | 1234.00 | 0.0056700 |   603  | -6534.00 | 0.0008600 |   206  | Correct
 240 |     0.00 | 1234.00 | 0.0056700 |   603  | -6534.00 | 0.0008600 |   382  | Correct
 240 |     0.00 | 1234.00 | 0.0056700 |   603  | -6534.00 | 0.0043600 |   214  | Correct
 240 |     0.00 | 1234.00 | 0.0056700 |   603  | -6534.00 | 0.0043600 |   371  | Correct
 240 |     0.00 | 2382.00 | 0.0026700 |   597  | -3567.00 | 0.0007700 |   223  | Correct
 240 |     0.00 | 2382.00 | 0.0026700 |   597  | -3567.00 | 0.0007700 |   409  | Correct
 240 |     0.00 | 2382.00 | 0.0026700 |   597  | -3567.00 | 0.0045600 |   205  | Correct
 240 |     0.00 | 2382.00 | 0.0026700 |   597  | -3567.00 | 0.0045600 |   374  | Correct
 240 |     0.00 | 2382.00 | 0.0026700 |   597  | -6534.00 | 0.0002000 |   215  | Correct
 240 |     0.00 | 2382.00 | 0.0026700 |   597  | -6534.00 | 0.0002000 |   387  | Correct
 240 |     0.00 | 2382.00 | 0.0026700 |   597  | -6534.00 | 0.0041800 |   226  | Correct
 240 |     0.00 | 2382.00 | 0.0026700 |   597  | -6534.00 | 0.0041800 |   384  | Correct
 240 |     0.00 | 2382.00 | 0.0026700 |   601  | -3567.00 | 0.0005700 |   221  | Correct
 240 |     0.00 | 2382.00 | 0.0026700 |   601  | -3567.00 | 0.0005700 |   408  | Correct
 240 |     0.00 | 2382.00 | 0.0026700 |   601  | -3567.00 | 0.0048300 |   230  | Correct
 240 |     0.00 | 2382.00 | 0.0026700 |   601  | -3567.00 | 0.0048300 |   392  | Correct
 240 |     0.00 | 2382.00 | 0.0026700 |   601  | -6534.00 | 0.0004100 |   229  | Correct
 240 |     0.00 | 2382.00 | 0.0026700 |   601  | -6534.00 | 0.0004100 |   389  | Correct
 240 |     0.00 | 2382.00 | 0.0026700 |   601  | -6534.00 | 0.0045500 |   227  | Correct
 240 |     0.00 | 2382.00 | 0.0026700 |   601  | -6534.00 | 0.0045500 |   406  | Correct
 240 |     0.00 | 2382.00 | 0.0056700 |   597  | -3567.00 | 0.0008100 |   209  | Correct
 240 |     0.00 | 2382.00 | 0.0056700 |   597  | -3567.00 | 0.0008100 |   380  | Correct
 240 |     0.00 | 2382.00 | 0.0056700 |   597  | -3567.00 | 0.0041500 |   233  | Correct
 240 |     0.00 | 2382.00 | 0.0056700 |   597  | -3567.00 | 0.0041500 |   402  | Correct
 240 |     0.00 | 2382.00 | 0.0056700 |   597  | -6534.00 | 0.0005400 |   220  | Correct
 240 |     0.00 | 2382.00 | 0.0056700 |   597  | -6534.00 | 0.0005400 |   381  | Correct
 240 |     0.00 | 2382.00 | 0.0056700 |   597  | -6534.00 | 0.0040200 |   205  | Correct
 240 |     0.00 | 2382.00 | 0.0056700 |   597  | -6534.00 | 0.0040200 |   391  | Correct
 240 |     0.00 | 2382.00 | 0.0056700 |   595  | -3567.00 | 0.0004500 |   228  | Correct
 240 |     0.00 | 2382.00 | 0.0056700 |   595  | -3567.00 | 0.0004500 |   398  | Correct
 240 |     0.00 | 2382.00 | 0.0056700 |   595  | -3567.00 | 0.0045700 |   223  | Correct
 240 |     0.00 | 2382.00 | 0.0056700 |   595  | -3567.00 | 0.0045700 |   396  | Correct
 240 |     0.00 | 2382.00 | 0.0056700 |   595  | -6534.00 | 0.0001000 |   225  | Correct
 240 |     0.00 | 2382.00 | 0.0056700 |   595  | -6534.00 | 0.0001000 |   383  | Correct
 240 |     0.00 | 2382.00 | 0.0056700 |   595  | -6534.00 | 0.0047400 |   221  | Correct
 240 |     0.00 | 2382.00 | 0.0056700 |   595  | -6534.00 | 0.0047400 |   407  | Correct
 240 | 15068.99 | 1234.00 | 0.0026700 |   597  | -3567.00 | 0.0000000 |   233  | Correct
 240 | 15068.99 | 1234.00 | 0.0026700 |   597  | -3567.00 | 0.0000000 |   396  | Correct
 240 | 15068.99 | 1234.00 | 0.0026700 |   597  | -3567.00 | 0.0042100 |   226  | Correct
 240 | 15068.99 | 1234.00 | 0.0026700 |   597  | -3567.00 | 0.0042100 |   378  | Correct
 240 | 15068.99 | 1234.00 | 0.0026700 |   597  | -6534.00 | 0.0009900 |   207  | Correct
 240 | 15068.99 | 1234.00 | 0.0026700 |   597  | -6534.00 | 0.0009900 |   408  | Correct
 240 | 15068.99 | 1234.00 | 0.0026700 |   597  | -6534.00 | 0.0048500 |   226  | Correct
 240 | 15068.99 | 1234.00 | 0.0026700 |   597  | -6534.00 | 0.0048500 |   397  | Correct
 240 | 15068.99 | 1234.00 | 0.0026700 |   586  | -3567.00 | 0.0006000 |   211  | Correct
 240 | 15068.99 | 1234.00 | 0.0026700 |   586  | -3567.00 | 0.0006000 |   378  | Correct
 240 | 15068.99 | 1234.00 | 0.0026700 |   586  | -3567.00 | 0.0048600 |   206  | Correct
 240 | 15068.99 | 1234.00 | 0.0026700 |   586  | -3567.00 | 0.0048600 |   373  | Correct
 240 | 15068.99 | 1234.00 | 0.0026700 |   586  | -6534.00 | 0.0001100 |   224  | Correct
 240 | 15068.99 | 1234.00 | 0.0026700 |   586  | -6534.00 | 0.0001100 |   395  | Correct
 240 | 15068.99 | 1234.00 | 0.0026700 |   586  | -6534.00 | 0.0043800 |   217  | Correct
 240 | 15068.99 | 1234.00 | 0.0026700 |   586  | -6534.00 | 0.0043800 |   380  | Correct
 240 | 15068.99 | 1234.00 | 0.0056700 |   597  | -3567.00 | 0.0004200 |   228  | Correct
 240 | 15068.99 | 1234.00 | 0.0056700 |   597  | -3567.00 | 0.0004200 |   407  | Correct
 240 | 15068.99 | 1234.00 | 0.0056700 |   597  | -3567.00 | 0.0041300 |   210  | Correct
 240 | 15068.99 | 1234.00 | 0.0056700 |   597  | -3567.00 | 0.0041300 |   391  | Correct
 240 | 15068.99 | 1234.00 | 0.0056700 |   597  | -6534.00 | 0.0002400 |   233  | Correct
 240 | 15068.99 | 1234.00 | 0.0056700 |   597  | -6534.00 | 0.0002400 |   400  | Correct
 240 | 15068.99 | 1234.00 | 0.0056700 |   597  | -6534.00 | 0.0042800 |   222  | Correct
 240 | 15068.99 | 1234.00 | 0.0056700 |   597  | -6534.00 | 0.0042800 |   378  | Correct
 240 | 15068.99 | 1234.00 | 0.0056700 |   588  | -3567.00 | 0.0001500 |   217  | Correct
 240 | 15068.99 | 1234.00 | 0.0056700 |   588  | -3567.00 | 0.0001500 |   372  | Correct
 240 | 15068.99 | 1234.00 | 0.0056700 |   588  | -3567.00 | 0.0043600 |   233  | Correct
 240 | 15068.99 | 1234.00 | 0.0056700 |   588  | -3567.00 | 0.0043600 |   409  | Correct
 240 | 15068.99 | 1234.00 | 0.0056700 |   588  | -6534.00 | 0.0003800 |   230  | Correct
 240 | 15068.99 | 1234.00 | 0.0056700 |   588  | -6534.00 | 0.0003800 |   389  | Correct
 240 | 15068.99 | 1234.00 | 0.0056700 |   588  | -6534.00 | 0.0042700 |   215  | Correct
 240 | 15068.99 | 1234.00 | 0.0056700 |   588  | -6534.00 | 0.0042700 |   378  | Correct
 240 | 15068.99 | 2641.00 | 0.0026700 |   597  | -3567.00 | 0.0001200 |   232  | Correct
 240 | 15068.99 | 2641.00 | 0.0026700 |   597  | -3567.00 | 0.0001200 |   379  | Correct
 240 | 15068.99 | 2641.00 | 0.0026700 |   597  | -3567.00 | 0.0046700 |   217  | Correct
 240 | 15068.99 | 2641.00 | 0.0026700 |   597  | -3567.00 | 0.0046700 |   389  | Correct
 240 | 15068.99 | 2641.00 | 0.0026700 |   597  | -6534.00 | 0.0000500 |   224  | Correct
 240 | 15068.99 | 2641.00 | 0.0026700 |   597  | -6534.00 | 0.0000500 |   405  | Correct
 240 | 15068.99 | 2641.00 | 0.0026700 |   597  | -6534.00 | 0.0049900 |   213  | Correct
 240 | 15068.99 | 2641.00 | 0.0026700 |   597  | -6534.00 | 0.0049900 |   375  | Correct
 240 | 15068.99 | 2641.00 | 0.0026700 |   599  | -3567.00 | 0.0008600 |   208  | Correct
 240 | 15068.99 | 2641.00 | 0.0026700 |   599  | -3567.00 | 0.0008600 |   392  | Correct
 240 | 15068.99 | 2641.00 | 0.0026700 |   599  | -3567.00 | 0.0048800 |   211  | Correct
 240 | 15068.99 | 2641.00 | 0.0026700 |   599  | -3567.00 | 0.0048800 |   381  | Correct
 240 | 15068.99 | 2641.00 | 0.0026700 |   599  | -6534.00 | 0.0004600 |   224  | Correct
 240 | 15068.99 | 2641.00 | 0.0026700 |   599  | -6534.00 | 0.0004600 |   392  | Correct
 240 | 15068.99 | 2641.00 | 0.0026700 |   599  | -6534.00 | 0.0046400 |   233  | Correct
 240 | 15068.99 | 2641.00 | 0.0026700 |   599  | -6534.00 | 0.0046400 |   379  | Correct
 240 | 15068.99 | 2641.00 | 0.0056700 |   597  | -3567.00 | 0.0003900 |   232  | Correct
 240 | 15068.99 | 2641.00 | 0.0056700 |   597  | -3567.00 | 0.0003900 |   394  | Correct
 240 | 15068.99 | 2641.00 | 0.0056700 |   597  | -3567.00 | 0.0049900 |   223  | Correct
 240 | 15068.99 | 2641.00 | 0.0056700 |   597  | -3567.00 | 0.0049900 |   388  | Correct
 240 | 15068.99 | 2641.00 | 0.0056700 |   597  | -6534.00 | 0.0009900 |   209  | Correct
 240 | 15068.99 | 2641.00 | 0.0056700 |   597  | -6534.00 | 0.0009900 |   390  | Correct
 240 | 15068.99 | 2641.00 | 0.0056700 |   597  | -6534.00 | 0.0047000 |   206  | Correct
 240 | 15068.99 | 2641.00 | 0.0056700 |   597  | -6534.00 | 0.0047000 |   377  | Correct
 240 | 15068.99 | 2641.00 | 0.0056700 |   603  | -3567.00 | 0.0001700 |   231  | Correct
 240 | 15068.99 | 2641.00 | 0.0056700 |   603  | -3567.00 | 0.0001700 |   384  | Correct
 240 | 15068.99 | 2641.00 | 0.0056700 |   603  | -3567.00 | 0.0049800 |   229  | Correct
 240 | 15068.99 | 2641.00 | 0.0056700 |   603  | -3567.00 | 0.0049800 |   398  | Correct
 240 | 15068.99 | 2641.00 | 0.0056700 |   603  | -6534.00 | 0.0005200 |   211  | Correct
 240 | 15068.99 | 2641.00 | 0.0056700 |   603  | -6534.00 | 0.0005200 |   398  | Correct
 240 | 15068.99 | 2641.00 | 0.0056700 |   603  | -6534.00 | 0.0045000 |   224  | Correct
 240 | 15068.99 | 2641.00 | 0.0056700 |   603  | -6534.00 | 0.0045000 |   371  | Correct
 345 |     0.00 | 1234.00 | 0.0026700 |   597  | -3567.00 | 0.0001700 |   229  | Correct
 345 |     0.00 | 1234.00 | 0.0026700 |   597  | -3567.00 | 0.0001700 |   409  | Correct
 345 |     0.00 | 1234.00 | 0.0026700 |   597  | -3567.00 | 0.0040000 |   227  | Correct
 345 |     0.00 | 1234.00 | 0.0026700 |   597  | -3567.00 | 0.0040000 |   381  | Correct
 345 |     0.00 | 1234.00 | 0.0026700 |   597  | -6534.00 | 0.0009800 |   233  | Correct
 345 |     0.00 | 1234.00 | 0.0026700 |   597  | -6534.00 | 0.0009800 |   376  | Correct
 345 |     0.00 | 1234.00 | 0.0026700 |   597  | -6534.00 | 0.0049300 |   218  | Correct
 345 |     0.00 | 1234.00 | 0.0026700 |   597  | -6534.00 | 0.0049300 |   388  | Correct
 345 |     0.00 | 1234.00 | 0.0026700 |   601  | -3567.00 | 0.0000400 |   223  | Correct
 345 |     0.00 | 1234.00 | 0.0026700 |   601  | -3567.00 | 0.0000400 |   390  | Correct
 345 |     0.00 | 1234.00 | 0.0026700 |   601  | -3567.00 | 0.0045500 |   224  | Correct
 345 |     0.00 | 1234.00 | 0.0026700 |   601  | -3567.00 | 0.0045500 |   404  | Correct
 345 |     0.00 | 1234.00 | 0.0026700 |   601  | -6534.00 | 0.0005900 |   215  | Correct
 345 |     0.00 | 1234.00 | 0.0026700 |   601  | -6534.00 | 0.0005900 |   392  | Correct
 345 |     0.00 | 1234.00 | 0.0026700 |   601  | -6534.00 | 0.0048600 |   217  | Correct
 345 |     0.00 | 1234.00 | 0.0026700 |   601  | -6534.00 | 0.0048600 |   406  | Correct
 345 |     0.00 | 1234.00 | 0.0056700 |   597  | -3567.00 | 0.0009800 |   215  | Correct
 345 |     0.00 | 1234.00 | 0.0056700 |   597  | -3567.00 | 0.0009800 |   380  | Correct
 345 |     0.00 | 1234.00 | 0.0056700 |   597  | -3567.00 | 0.0048400 |   227  | Correct
 345 |     0.00 | 1234.00 | 0.0056700 |   597  | -3567.00 | 0.0048400 |   377  | Correct
 345 |     0.00 | 1234.00 | 0.0056700 |   597  | -6534.00 | 0.0003700 |   214  | Correct
 345 |     0.00 | 1234.00 | 0.0056700 |   597  | -6534.00 | 0.0003700 |   376  | Correct
 345 |     0.00 | 1234.00 | 0.0056700 |   597  | -6534.00 | 0.0040300 |   210  | Correct
 345 |     0.00 | 1234.00 | 0.0056700 |   597  | -6534.00 | 0.0040300 |   407  | Correct
 345 |     0.00 | 1234.00 | 0.0056700 |   604  | -3567.00 | 0.0002800 |   232  | Correct
 345 |     0.00 | 1234.00 | 0.0056700 |   604  | -3567.00 | 0.0002800 |   382  | Correct
 345 |     0.00 | 1234.00 | 0.0056700 |   604  | -3567.00 | 0.0044600 |   210  | Correct
 345 |     0.00 | 1234.00 | 0.0056700 |   604  | -3567.00 | 0.0044600 |   406  | Correct
 345 |     0.00 | 1234.00 | 0.0056700 |   604  | -6534.00 | 0.0005500 |   233  | Correct
 345 |     0.00 | 1234.00 | 0.0056700 |   604  | -6534.00 | 0.0005500 |   407  | Correct
 345 |     0.00 | 1234.00 | 0.0056700 |   604  | -6534.00 | 0.0045100 |   212  | Correct
 345 |     0.00 | 1234.00 | 0.0056700 |   604  | -6534.00 | 0.0045100 |   400  | Correct
 345 |     0.00 | 2838.00 | 0.0026700 |   597  | -3567.00 | 0.0002700 |   227  | Correct
 345 |     0.00 | 2838.00 | 0.0026700 |   597  | -3567.00 | 0.0002700 |   401  | Correct
 345 |     0.00 | 2838.00 | 0.0026700 |   597  | -3567.00 | 0.0045200 |   204  | Correct
 345 |     0.00 | 2838.00 | 0.0026700 |   597  | -3567.00 | 0.0045200 |   386  | Correct
 345 |     0.00 | 2838.00 | 0.0026700 |   597  | -6534.00 | 0.0000800 |   221  | Correct
 345 |     0.00 | 2838.00 | 0.0026700 |   597  | -6534.00 | 0.0000800 |   402  | Correct
 345 |     0.00 | 2838.00 | 0.0026700 |   597  | -6534.00 | 0.0048400 |   208  | Correct
 345 |     0.00 | 2838.00 | 0.0026700 |   597  | -6534.00 | 0.0048400 |   377  | Correct
 345 |     0.00 | 2838.00 | 0.0026700 |   594  | -3567.00 | 0.0000500 |   213  | Correct
 345 |     0.00 | 2838.00 | 0.0026700 |   594  | -3567.00 | 0.0000500 |   374  | Correct
 345 |     0.00 | 2838.00 | 0.0026700 |   594  | -3567.00 | 0.0043300 |   230  | Correct
 345 |     0.00 | 2838.00 | 0.0026700 |   594  | -3567.00 | 0.0043300 |   397  | Correct
 345 |     0.00 | 2838.00 | 0.0026700 |   594  | -6534.00 | 0.0000000 |   231  | Correct
 345 |     0.00 | 2838.00 | 0.0026700 |   594  | -6534.00 | 0.0000000 |   393  | Correct
 345 |     0.00 | 2838.00 | 0.0026700 |   594  | -6534.00 | 0.0044000 |   225  | Correct
 345 |     0.00 | 2838.00 | 0.0026700 |   594  | -6534.00 | 0.0044000 |   381  | Correct
 345 |     0.00 | 2838.00 | 0.0056700 |   597  | -3567.00 | 0.0008200 |   223  | Correct
 345 |     0.00 | 2838.00 | 0.0056700 |   597  | -3567.00 | 0.0008200 |   405  | Correct
 345 |     0.00 | 2838.00 | 0.0056700 |   597  | -3567.00 | 0.0042000 |   229  | Correct
 345 |     0.00 | 2838.00 | 0.0056700 |   597  | -3567.00 | 0.0042000 |   401  | Correct
 345 |     0.00 | 2838.00 | 0.0056700 |   597  | -6534.00 | 0.0003100 |   209  | Correct
 345 |     0.00 | 2838.00 | 0.0056700 |   597  | -6534.00 | 0.0003100 |   373  | Correct
 345 |     0.00 | 2838.00 | 0.0056700 |   597  | -6534.00 | 0.0045800 |   233  | Correct
 345 |     0.00 | 2838.00 | 0.0056700 |   597  | -6534.00 | 0.0045800 |   373  | Correct
 345 |     0.00 | 2838.00 | 0.0056700 |   602  | -3567.00 | 0.0009800 |   204  | Correct
 345 |     0.00 | 2838.00 | 0.0056700 |   602  | -3567.00 | 0.0009800 |   378  | Correct
 345 |     0.00 | 2838.00 | 0.0056700 |   602  | -3567.00 | 0.0046100 |   226  | Correct
 345 |     0.00 | 2838.00 | 0.0056700 |   602  | -3567.00 | 0.0046100 |   376  | Correct
 345 |     0.00 | 2838.00 | 0.0056700 |   602  | -6534.00 | 0.0008100 |   220  | Correct
 345 |     0.00 | 2838.00 | 0.0056700 |   602  | -6534.00 | 0.0008100 |   398  | Correct
 345 |     0.00 | 2838.00 | 0.0056700 |   602  | -6534.00 | 0.0044000 |   226  | Correct
 345 |     0.00 | 2838.00 | 0.0056700 |   602  | -6534.00 | 0.0044000 |   390  | Correct
 345 | 12754.49 | 1234.00 | 0.0026700 |   597  | -3567.00 | 0.0000800 |   230  | Correct
 345 | 12754.49 | 1234.00 | 0.0026700 |   597  | -3567.00 | 0.0000800 |   408  | Correct
 345 | 12754.49 | 1234.00 | 0.0026700 |   597  | -3567.00 | 0.0043200 |   215  | Correct
 345 | 12754.49 | 1234.00 | 0.0026700 |   597  | -3567.00 | 0.0043200 |   378  | Correct
 345 | 12754.49 | 1234.00 | 0.0026700 |   597  | -6534.00 | 0.0002100 |   213  | Correct
 345 | 12754.49 | 1234.00 | 0.0026700 |   597  | -6534.00 | 0.0002100 |   398  | Correct
 345 | 12754.49 | 1234.00 | 0.0026700 |   597  | -6534.00 | 0.0049400 |   221  | Correct
 345 | 12754.49 | 1234.00 | 0.0026700 |   597  | -6534.00 | 0.0049400 |   375  | Correct
 345 | 12754.49 | 1234.00 | 0.0026700 |   614  | -3567.00 | 0.0006600 |   226  | Correct
 345 | 12754.49 | 1234.00 | 0.0026700 |   614  | -3567.00 | 0.0006600 |   392  | Correct
 345 | 12754.49 | 1234.00 | 0.0026700 |   614  | -3567.00 | 0.0048600 |   225  | Correct
 345 | 12754.49 | 1234.00 | 0.0026700 |   614  | -3567.00 | 0.0048600 |   373  | Correct
 345 | 12754.49 | 1234.00 | 0.0026700 |   614  | -6534.00 | 0.0001600 |   231  | Correct
 345 | 12754.49 | 1234.00 | 0.0026700 |   614  | -6534.00 | 0.0001600 |   391  | Correct
 345 | 12754.49 | 1234.00 | 0.0026700 |   614  | -6534.00 | 0.0047000 |   228  | Correct
 345 | 12754.49 | 1234.00 | 0.0026700 |   614  | -6534.00 | 0.0047000 |   373  | Correct
 345 | 12754.49 | 1234.00 | 0.0056700 |   597  | -3567.00 | 0.0007500 |   209  | Correct
 345 | 12754.49 | 1234.00 | 0.0056700 |   597  | -3567.00 | 0.0007500 |   405  | Correct
 345 | 12754.49 | 1234.00 | 0.0056700 |   597  | -3567.00 | 0.0040000 |   212  | Correct
 345 | 12754.49 | 1234.00 | 0.0056700 |   597  | -3567.00 | 0.0040000 |   404  | Correct
 345 | 12754.49 | 1234.00 | 0.0056700 |   597  | -6534.00 | 0.0007700 |   206  | Correct
 345 | 12754.49 | 1234.00 | 0.0056700 |   597  | -6534.00 | 0.0007700 |   398  | Correct
 345 | 12754.49 | 1234.00 | 0.0056700 |   597  | -6534.00 | 0.0044700 |   218  | Correct
 345 | 12754.49 | 1234.00 | 0.0056700 |   597  | -6534.00 | 0.0044700 |   385  | Correct
 345 | 12754.49 | 1234.00 | 0.0056700 |   608  | -3567.00 | 0.0002300 |   213  | Correct
 345 | 12754.49 | 1234.00 | 0.0056700 |   608  | -3567.00 | 0.0002300 |   408  | Correct
 345 | 12754.49 | 1234.00 | 0.0056700 |   608  | -3567.00 | 0.0041200 |   212  | Correct
 345 | 12754.49 | 1234.00 | 0.0056700 |   608  | -3567.00 | 0.0041200 |   401  | Correct
 345 | 12754.49 | 1234.00 | 0.0056700 |   608  | -6534.00 | 0.0002700 |   208  | Correct
 345 | 12754.49 | 1234.00 | 0.0056700 |   608  | -6534.00 | 0.0002700 |   374  | Correct
 345 | 12754.49 | 1234.00 | 0.0056700 |   608  | -6534.00 | 0.0048400 |   230  | Correct
 345 | 12754.49 | 1234.00 | 0.0056700 |   608  | -6534.00 | 0.0048400 |   385  | Correct
 345 | 12754.49 | 2660.00 | 0.0026700 |   597  | -3567.00 | 0.0003800 |   232  | Correct
 345 | 12754.49 | 2660.00 | 0.0026700 |   597  | -3567.00 | 0.0003800 |   386  | Correct
 345 | 12754.49 | 2660.00 | 0.0026700 |   597  | -3567.00 | 0.0044500 |   221  | Correct
 345 | 12754.49 | 2660.00 | 0.0026700 |   597  | -3567.00 | 0.0044500 |   388  | Correct
 345 | 12754.49 | 2660.00 | 0.0026700 |   597  | -6534.00 | 0.0004300 |   213  | Correct
 345 | 12754.49 | 2660.00 | 0.0026700 |   597  | -6534.00 | 0.0004300 |   390  | Correct
 345 | 12754.49 | 2660.00 | 0.0026700 |   597  | -6534.00 | 0.0045200 |   206  | Correct
 345 | 12754.49 | 2660.00 | 0.0026700 |   597  | -6534.00 | 0.0045200 |   391  | Correct
 345 | 12754.49 | 2660.00 | 0.0026700 |   607  | -3567.00 | 0.0007400 |   215  | Correct
 345 | 12754.49 | 2660.00 | 0.0026700 |   607  | -3567.00 | 0.0007400 |   398  | Correct
 345 | 12754.49 | 2660.00 | 0.0026700 |   607  | -3567.00 | 0.0048500 |   215  | Correct
 345 | 12754.49 | 2660.00 | 0.0026700 |   607  | -3567.00 | 0.0048500 |   382  | Correct
 345 | 12754.49 | 2660.00 | 0.0026700 |   607  | -6534.00 | 0.0009300 |   228  | Correct
 345 | 12754.49 | 2660.00 | 0.0026700 |   607  | -6534.00 | 0.0009300 |   397  | Correct
 345 | 12754.49 | 2660.00 | 0.0026700 |   607  | -6534.00 | 0.0040500 |   221  | Correct
 345 | 12754.49 | 2660.00 | 0.0026700 |   607  | -6534.00 | 0.0040500 |   371  | Correct
 345 | 12754.49 | 2660.00 | 0.0056700 |   597  | -3567.00 | 0.0009100 |   222  | Correct
 345 | 12754.49 | 2660.00 | 0.0056700 |   597  | -3567.00 | 0.0009100 |   386  | Correct
 345 | 12754.49 | 2660.00 | 0.0056700 |   597  | -3567.00 | 0.0043900 |   213  | Correct
 345 | 12754.49 | 2660.00 | 0.0056700 |   597  | -3567.00 | 0.0043900 |   396  | Correct
 345 | 12754.49 | 2660.00 | 0.0056700 |   597  | -6534.00 | 0.0009400 |   233  | Correct
 345 | 12754.49 | 2660.00 | 0.0056700 |   597  | -6534.00 | 0.0009400 |   392  | Correct
 345 | 12754.49 | 2660.00 | 0.0056700 |   597  | -6534.00 | 0.0048200 |   205  | Correct
 345 | 12754.49 | 2660.00 | 0.0056700 |   597  | -6534.00 | 0.0048200 |   390  | Correct
 345 | 12754.49 | 2660.00 | 0.0056700 |   611  | -3567.00 | 0.0008800 |   208  | Correct
 345 | 12754.49 | 2660.00 | 0.0056700 |   611  | -3567.00 | 0.0008800 |   402  | Correct
 345 | 12754.49 | 2660.00 | 0.0056700 |   611  | -3567.00 | 0.0049700 |   218  | Correct
 345 | 12754.49 | 2660.00 | 0.0056700 |   611  | -3567.00 | 0.0049700 |   402  | Correct
 345 | 12754.49 | 2660.00 | 0.0056700 |   611  | -6534.00 | 0.0008800 |   220  | Correct
 345 | 12754.49 | 2660.00 | 0.0056700 |   611  | -6534.00 | 0.0008800 |   376  | Correct
 345 | 12754.49 | 2660.00 | 0.0056700 |   611  | -6534.00 | 0.0043200 |   219  | Correct
 345 | 12754.49 | 2660.00 | 0.0056700 |   611  | -6534.00 | 0.0043200 |   374  | Correct

Overall Grade: A
